1398948016392912896
1398948016392912896
1398948016392912896
1398948016392912896
1398948016392912896
1398948016392912896
1398948016392912896
1398948016392912896
1398948016392912896
1398948016392912896
1398948016392912896
1398948016392912896
1398948016392912896
1398948016392912896
1398948016392912896
1398948016392912896
1398948016392912896
1398948016392912896
1398948016392912896
1398948016392912896
1398948016392912896
1398948016392912896
1398948016392912896
1398948016392912896
1398948016392912896
1398948016392912896
